48.99,-110.00 48.99,-114.06 49.60,-114.74 50.02,-114.65 50.55,-114.99 51.79,-116.67 52.39,-118.22 53.15,-118.80 53.52,-119.89 60.00,-120.00 60.00,-110.00 48.99,-110.00
60.00,-120.00 53.52,-119.89 53.15,-118.80 52.39,-118.22 51.79,-116.67 50.55,-114.99 50.02,-114.65 49.60,-114.74 48.99,-114.06 48.99,-123.09 49.26,-123.23 49.40,-122.88 49.34,-123.28 49.68,-123.19 49.40,-123.51 49.60,-124.03 49.68,-123.58 49.74,-123.87 50.14,-123.83 49.77,-124.28 50.02,-124.78 50.42,-125.06 50.87,-124.86 50.51,-125.06 50.46,-125.70 50.55,-126.45 50.70,-125.90 50.68,-126.51 51.06,-126.52 50.87,-127.06 51.15,-127.71 51.61,-127.42 51.70,-126.69 51.48,-127.64 51.67,-127.85 52.19,-127.80 52.36,-127.44 52.06,-126.71 52.50,-127.21 52.84,-127.01 51.79,-128.10 52.16,-128.36 52.55,-127.94 52.36,-128.27 52.91,-128.05 52.83,-128.37 53.53,-129.17 53.72,-128.94 53.27,-127.93 53.55,-128.68 53.86,-128.53 53.84,-128.96 53.25,-129.56 53.72,-130.34 54.23,-129.63 54.42,-130.43 55.46,-129.56 55.56,-129.80 55.06,-130.05 56.07,-130.06 56.59,-131.82 58.41,-133.40 59.58,-135.05 59.79,-135.48 59.60,-136.32 59.15,-136.58 58.90,-137.44 59.23,-137.59 60.00,-139.06 60.00,-120.00
54.13,-132.66 53.96,-132.17 53.65,-132.46 54.14,-131.67 53.31,-131.96 53.31,-132.75 53.35,-132.43 53.51,-132.85 54.01,-133.10 54.13,-132.66
53.17,-129.85 53.54,-130.52 53.44,-129.94 53.17,-129.85
52.94,-128.55 52.29,-128.68 52.76,-128.75 53.02,-129.18 53.28,-129.03 52.94,-128.55
53.20,-131.75 52.92,-131.63 52.88,-131.97 52.70,-131.46 52.15,-131.22 53.14,-132.55 53.20,-131.75
50.64,-127.20 50.32,-125.48 49.53,-124.83 49.12,-123.85 48.46,-123.28 48.71,-125.02 49.21,-124.81 48.95,-125.54 49.40,-125.94 49.42,-126.55 49.67,-126.13 50.13,-127.86 50.45,-127.91 50.58,-127.47 50.50,-128.06 50.74,-128.35 50.64,-127.20
56.85,-88.95 52.82,-95.15 48.99,-95.16 48.99,-101.37 55.82,-102.00 60.00,-102.00 60.00,-94.77 59.07,-94.96 58.72,-94.29 58.30,-94.33 58.74,-94.12 58.73,-93.18 57.32,-92.43 56.92,-92.80 57.26,-90.90 56.85,-88.95
46.01,-64.03 45.95,-64.63 45.64,-64.78 45.22,-65.88 45.42,-66.03 45.10,-66.44 45.15,-67.32 45.60,-67.43 45.73,-67.80 47.08,-67.81 47.35,-68.24 47.29,-69.05 47.56,-68.39 47.93,-68.38 48.00,-68.11 47.85,-67.36 48.07,-66.43 47.67,-65.61 47.85,-65.00 47.72,-64.70 47.10,-65.32 47.06,-64.83 46.36,-64.65 46.11,-63.83 46.01,-64.03
51.44,-57.10 52.00,-57.10 52.01,-63.76 52.47,-64.07 52.67,-63.42 53.11,-63.72 52.82,-64.18 52.19,-64.13 51.60,-64.60 52.15,-65.14 52.18,-66.41 53.01,-66.43 52.75,-67.07 53.36,-66.94 54.03,-67.76 54.57,-67.58 54.62,-67.15 55.06,-67.43 54.75,-66.72 55.33,-66.77 54.74,-65.68 54.61,-63.75 55.17,-63.51 55.34,-63.11 55.86,-63.70 56.03,-63.58 56.29,-64.12 57.72,-63.60 58.12,-64.40 58.46,-63.85 58.67,-64.03 58.77,-63.50 58.95,-64.85 59.02,-64.32 59.51,-64.39 59.54,-64.82 59.92,-64.66 60.04,-64.89 60.14,-64.62 60.25,-64.85 60.23,-64.44 60.01,-64.77 60.06,-64.28 59.74,-64.23 59.51,-63.75 59.38,-63.95 59.19,-63.42 59.05,-63.97 59.07,-63.25 58.77,-62.93 58.33,-63.54 58.50,-62.61 58.01,-63.26 58.15,-62.49 57.86,-61.90 57.49,-62.50 57.01,-61.33 56.68,-61.37 56.80,-62.50 56.36,-61.43 56.29,-61.71 56.22,-61.36 56.00,-61.45 55.78,-60.34 55.48,-60.19 55.06,-60.62 55.31,-59.76 55.18,-59.44 54.81,-59.84 55.20,-59.26 54.84,-58.78 54.88,-57.96 54.59,-57.40 53.65,-60.40 53.49,-60.10 53.27,-60.33 54.10,-57.93 54.15,-58.36 54.23,-58.19 54.16,-57.42 53.79,-57.13 53.60,-57.53 53.47,-57.33 53.77,-56.52 53.47,-55.97 52.64,-55.80 52.54,-56.32 52.47,-55.75 52.39,-56.01 52.19,-55.67 51.44,-57.10
51.54,-55.46 51.33,-56.03 51.03,-55.80 49.61,-56.82 50.11,-56.18 49.98,-55.50 49.62,-56.14 49.51,-55.23 49.08,-55.35 49.53,-54.50 49.33,-54.45 49.32,-53.62 48.79,-54.16 48.68,-53.70 48.39,-54.11 48.66,-53.04 48.02,-53.87 48.03,-53.65 47.80,-53.86 47.65,-53.67 48.13,-52.88 47.51,-53.17 47.77,-52.78 47.55,-52.65 46.72,-53.03 46.64,-53.59 47.15,-53.60 46.84,-54.13 47.44,-53.85 47.86,-54.19 47.40,-54.49 46.87,-55.79 47.02,-55.92 47.66,-54.78 47.47,-55.58 47.50,-56.13 47.82,-55.86 47.57,-56.77 47.63,-59.26 48.00,-59.27 48.52,-58.33 48.56,-59.17 48.62,-58.69 49.10,-58.36 48.99,-57.99 49.39,-58.21 49.49,-57.79 49.70,-57.93 51.01,-57.04 51.57,-56.03 51.54,-55.46
45.84,-64.31 46.01,-64.03 45.62,-62.48 45.87,-61.96 45.29,-61.03 44.68,-63.60 44.48,-63.61 44.55,-64.29 43.55,-65.34 43.81,-66.13 44.62,-65.92 45.34,-64.45 45.02,-64.14 45.36,-63.37 45.37,-64.91 45.84,-64.31
45.94,-61.11 45.98,-60.87 45.70,-61.06 45.75,-60.74 46.31,-60.30 45.97,-59.83 45.59,-60.67 45.72,-61.45 46.17,-61.41 47.01,-60.49 46.27,-60.49 45.94,-61.11
60.00,-110.00 60.00,-123.82 60.66,-124.60 60.95,-124.58 60.77,-126.86 61.46,-127.17 62.12,-128.56 62.15,-129.25 62.49,-129.19 62.83,-129.72 63.06,-129.61 63.29,-130.14 63.49,-129.84 63.70,-130.30 63.81,-130.14 64.40,-131.11 64.39,-131.80 64.79,-132.59 65.06,-132.35 65.20,-132.77 65.60,-132.19 65.86,-132.55 65.98,-132.34 65.97,-133.62 66.57,-133.64 67.00,-134.06 67.02,-136.17 68.90,-136.44 68.68,-135.26 69.11,-135.91 69.68,-134.41 69.51,-133.88 69.25,-134.17 70.13,-130.67 70.11,-129.54 69.52,-131.99 68.84,-133.42 68.81,-132.71 68.88,-132.53 69.08,-132.72 69.43,-131.79 69.45,-131.06 69.21,-130.97 69.72,-130.12 69.97,-128.90 69.80,-129.16 69.75,-128.85 70.26,-127.68 70.42,-128.17 70.57,-128.04 69.35,-125.52 69.43,-125.17 69.63,-125.36 69.99,-124.77 70.03,-124.99 70.15,-124.56 69.69,-124.12 69.36,-124.34 69.39,-123.53 69.81,-123.03 69.78,-121.53 69.57,-120.68 68.00,-120.68 65.50,-112.50 65.50,-110.67 64.81,-109.22 64.23,-102.00 60.00,-102.00 60.00,-110.00
78.69,-110.00 78.32,-110.00 78.33,-113.29 78.69,-110.00
78.09,-110.00 77.83,-110.87 77.78,-110.19 77.52,-110.20 77.43,-110.89 77.36,-112.37 77.53,-113.16 77.81,-113.28 78.09,-110.00
77.75,-113.83 77.97,-115.03 78.08,-114.33 77.83,-113.62 77.75,-113.83
77.36,-115.55 77.14,-116.33 76.94,-115.81 76.90,-116.25 76.69,-115.98 76.28,-117.23 76.41,-117.99 76.81,-117.88 76.51,-118.79 76.33,-118.64 76.14,-118.99 76.33,-119.58 76.12,-119.74 75.98,-119.54 75.86,-119.91 75.83,-120.41 76.18,-120.81 75.94,-122.40 76.13,-122.90 77.31,-119.09 77.55,-116.51 77.36,-115.55
75.54,-110.00 74.85,-110.00 74.40,-113.02 74.67,-114.38 75.23,-111.03 75.07,-113.71 75.21,-113.89 75.42,-113.47 75.43,-114.02 75.28,-114.51 75.09,-114.45 74.97,-115.73 75.27,-117.60 75.68,-115.14 75.64,-117.16 75.90,-114.99 75.96,-116.66 76.17,-114.78 76.33,-115.83 76.51,-114.77 76.20,-112.70 75.57,-111.16 75.54,-110.00
75.58,-118.33 75.62,-119.39 76.10,-117.51 75.58,-118.33
74.11,-119.74 74.23,-117.51 73.50,-115.39 72.68,-118.96 72.21,-120.18 71.51,-120.62 71.10,-122.84 71.68,-124.01 71.98,-125.85 73.77,-123.80 74.35,-124.70 74.55,-121.50 74.23,-119.56 74.11,-119.74
72.98,-110.00 70.00,-110.00 70.00,-117.06 69.65,-116.65 69.65,-116.86 70.09,-117.16 70.31,-111.63 70.69,-113.76 70.63,-117.59 70.97,-118.38 71.49,-115.30 71.39,-117.94 71.47,-118.23 71.66,-117.74 71.76,-118.99 72.26,-118.21 72.43,-118.48 72.63,-118.13 73.37,-114.64 73.07,-114.05 72.59,-114.52 72.65,-113.58 73.00,-113.07 72.71,-111.27 72.36,-111.90 72.30,-111.68 72.66,-110.21 73.01,-110.66 72.98,-110.00
60.00,-94.77 60.00,-102.00 64.23,-102.00 64.81,-109.22 65.50,-110.67 65.50,-112.50 68.00,-120.68 69.57,-120.68 68.91,-117.23 68.94,-115.44 68.40,-113.96 67.92,-115.43 67.82,-115.13 67.68,-112.44 67.99,-110.07 67.26,-107.99 67.09,-108.50 66.40,-107.29 66.96,-107.75 66.88,-107.16 67.82,-107.96 68.59,-105.75 68.17,-107.73 68.30,-108.72 68.61,-108.31 68.92,-106.16 68.06,-104.49 68.12,-103.47 67.73,-102.21 67.81,-98.41 68.07,-98.63 67.62,-97.45 67.80,-97.14 67.92,-98.19 68.36,-98.65 68.53,-97.83 68.31,-96.43 68.04,-96.72 68.25,-95.97 67.51,-96.37 67.01,-95.42 67.04,-96.42 66.62,-95.79 66.94,-96.04 66.95,-95.40 67.26,-95.26 67.74,-95.65 68.05,-95.43 68.62,-93.45 69.00,-93.85 68.80,-94.60 69.12,-94.08 69.31,-94.25 69.42,-93.62 69.23,-93.75 69.48,-93.53 69.80,-95.96 70.21,-96.55 70.55,-95.88 70.81,-96.55 71.24,-96.45 71.34,-95.56 71.49,-95.41 71.57,-95.87 71.98,-94.73 71.34,-93.03 70.85,-92.98 70.18,-91.56 70.24,-92.32 70.10,-92.51 70.04,-91.98 69.67,-92.89 69.46,-90.42 69.29,-91.24 68.88,-90.48 68.47,-90.57 68.27,-90.25 69.26,-89.28 68.81,-88.04 68.35,-87.81 68.29,-88.35 67.99,-88.33 67.17,-87.32 67.48,-86.56 68.67,-85.69 68.77,-84.87 68.84,-85.11 69.07,-84.86 69.23,-85.39 69.85,-85.51 69.69,-82.62 69.64,-82.37 69.49,-82.75 69.25,-82.23 69.14,-81.32 68.88,-81.96 68.66,-81.28 68.45,-82.55 67.36,-81.30 66.59,-82.64 66.37,-83.52 67.03,-84.85 66.89,-85.11 66.90,-84.64 66.24,-83.80 66.52,-86.71 66.12,-85.96 65.35,-87.29 65.94,-89.75 65.95,-91.43 65.11,-87.00 64.18,-88.11 63.97,-89.13 64.14,-90.04 63.96,-89.86 63.98,-90.17 63.80,-90.01 63.62,-90.37 64.15,-93.70 63.87,-93.56 63.69,-92.16 63.56,-92.47 63.70,-91.84 63.44,-90.97 63.06,-90.70 62.82,-92.36 62.58,-91.94 62.55,-92.55 62.35,-92.77 62.17,-92.53 62.36,-93.21 62.22,-92.91 61.94,-93.58 61.77,-93.31 60.50,-94.76 60.00,-94.77
78.32,-110.00 78.69,-110.00 78.46,-109.34 78.32,-110.00
74.85,-110.00 75.54,-110.00 75.59,-108.91 75.86,-109.80 76.11,-109.43 76.24,-110.00 76.48,-110.00 76.79,-109.22 76.74,-108.47 76.59,-108.63 76.23,-108.12 76.07,-108.39 76.00,-107.72 75.80,-108.02 75.68,-106.91 75.81,-106.69 75.95,-106.85 76.06,-106.40 75.75,-105.48 75.09,-106.09 74.85,-110.00
69.65,-116.86 69.65,-116.65 70.00,-117.06 70.00,-110.00 72.98,-110.00 72.55,-108.75 71.72,-108.19 71.63,-107.79 71.89,-107.31 73.11,-108.24 73.35,-108.03 72.93,-105.62 71.58,-104.39 71.06,-104.51 70.14,-101.09 69.87,-100.91 69.67,-101.04 69.67,-103.43 69.47,-103.05 69.20,-103.12 69.49,-102.15 69.18,-101.79 68.82,-102.90 68.92,-105.11 69.08,-105.02 69.44,-106.66 69.00,-107.44 68.76,-108.95 68.48,-112.86 68.77,-113.55 69.20,-113.69 69.30,-115.86 69.65,-116.86
67.74,-86.60 68.10,-86.96 68.31,-86.70 68.18,-86.42 67.74,-86.60
67.78,-73.62 68.02,-74.75 67.99,-73.46 67.78,-73.62
67.06,-62.68 67.06,-62.87 67.18,-62.40 67.06,-62.68
65.80,-83.73 65.70,-83.23 65.77,-84.12 66.09,-84.47 65.80,-83.73
65.26,-84.92 65.46,-84.50 64.64,-82.05 64.21,-81.68 64.02,-81.89 64.09,-80.83 63.80,-80.26 63.46,-81.05 64.16,-83.19 63.12,-85.39 63.71,-85.80 63.60,-87.18 64.14,-86.25 64.57,-86.37 65.83,-85.81 65.80,-85.24 65.26,-84.92
63.47,-77.88 63.23,-77.53 63.11,-77.94 63.42,-78.54 63.47,-77.88
62.95,-82.00 62.21,-83.02 62.16,-83.70 62.43,-83.91 62.90,-83.38 62.95,-82.00
62.41,-79.55 62.19,-79.27 61.64,-79.67 61.82,-80.27 62.21,-80.18 62.41,-79.55
61.37,-64.83 61.65,-65.43 61.66,-64.79 61.37,-64.83
60.24,-68.23 60.59,-68.09 60.45,-67.82 60.24,-68.23
56.27,-78.94 55.89,-79.18 56.21,-79.18 55.87,-79.50 55.81,-79.76 56.13,-79.54 55.91,-80.01 56.54,-79.46 56.18,-79.54 56.60,-79.27 56.27,-78.94
52.75,-80.73 53.05,-82.04 53.21,-81.14 52.75,-80.73
83.02,-69.49 82.93,-66.42 82.65,-68.47 82.90,-64.90 82.79,-63.50 82.57,-63.09 82.45,-63.25 82.34,-61.21 81.29,-68.69 81.49,-64.78 80.38,-69.55 80.54,-70.71 80.23,-70.26 80.12,-72.06 80.07,-70.56 79.76,-71.39 79.87,-74.39 79.84,-74.66 79.60,-73.20 79.51,-76.90 79.23,-74.48 79.05,-74.53 79.08,-78.58 78.72,-74.43 78.51,-76.42 78.33,-75.19 77.99,-75.97 77.95,-78.01 77.52,-78.08 77.37,-78.49 77.53,-81.66 77.37,-81.28 77.30,-82.06 77.20,-79.50 76.94,-79.22 76.85,-78.00 76.57,-78.28 76.17,-80.80 76.47,-80.97 76.72,-82.53 76.47,-82.23 76.45,-83.89 76.68,-84.22 76.36,-84.28 76.30,-85.14 76.58,-86.42 76.41,-88.40 76.77,-88.50 76.42,-88.55 76.49,-89.57 76.83,-89.50 77.07,-88.56 77.18,-86.81 77.72,-88.09 77.84,-87.76 77.81,-86.39 77.36,-84.74 77.44,-83.61 77.99,-82.60 77.53,-83.78 77.50,-84.86 77.93,-85.55 78.18,-84.22 78.24,-84.91 78.53,-84.78 78.11,-85.59 78.08,-86.22 78.34,-85.92 78.18,-87.55 78.77,-86.81 78.98,-81.75 79.00,-84.41 79.05,-83.58 79.85,-86.42 80.26,-86.50 80.23,-83.72 79.61,-80.48 79.67,-80.12 80.32,-82.99 80.86,-76.86 80.95,-78.72 81.43,-76.89 80.65,-81.01 80.52,-85.15 80.63,-86.62 81.15,-83.29 80.66,-87.71 80.91,-89.26 81.29,-84.94 81.03,-89.62 81.12,-89.98 81.53,-87.60 81.40,-90.30 81.43,-90.61 81.63,-89.82 81.64,-91.68 82.10,-88.06 81.98,-85.04 82.22,-86.62 82.45,-84.90 81.85,-79.42 82.40,-82.45 82.52,-81.68 82.63,-82.12 82.59,-80.81 82.78,-81.01 82.68,-78.75 82.91,-80.15 82.94,-79.89 82.90,-77.62 82.54,-76.01 82.61,-75.57 83.01,-77.12 82.72,-72.66 82.95,-73.44 83.02,-69.49
81.13,-91.89 80.59,-90.64 80.51,-89.24 80.17,-88.86 80.11,-88.20 80.29,-88.65 80.42,-88.52 80.37,-87.68 80.10,-87.92 79.89,-86.98 79.58,-87.30 79.62,-85.68 79.28,-85.04 78.68,-87.62 79.00,-88.04 78.67,-88.25 78.54,-87.98 78.60,-88.71 78.19,-88.79 78.61,-90.04 78.17,-89.49 78.19,-91.41 78.46,-92.85 78.56,-91.93 78.61,-93.27 78.75,-93.63 78.78,-93.16 78.97,-94.17 79.37,-91.30 79.29,-95.10 79.42,-95.73 79.74,-94.40 79.67,-95.86 80.14,-96.77 80.19,-94.26 80.33,-96.39 80.37,-95.55 80.55,-96.15 80.72,-95.93 80.56,-93.93 80.86,-95.51 81.13,-93.24 81.34,-94.18 81.13,-91.89
79.98,-98.79 79.72,-98.95 80.00,-100.13 79.98,-98.79
79.32,-103.43 78.88,-102.58 79.09,-101.87 78.73,-100.01 78.56,-99.58 78.30,-99.75 78.00,-99.00 77.79,-99.96 78.19,-101.07 78.29,-104.51 78.52,-105.00 78.74,-103.37 78.78,-104.19 78.90,-103.88 78.99,-104.11 78.81,-104.90 79.03,-104.75 79.11,-105.58 79.32,-105.39 79.32,-103.43
78.53,-96.20 78.43,-95.03 78.23,-95.33 78.08,-94.93 77.81,-96.99 78.09,-97.66 78.15,-96.94 78.23,-97.82 78.75,-98.34 78.53,-96.20
78.15,-103.00 78.17,-103.27 78.22,-102.79 78.15,-103.00
77.70,-101.69 77.84,-102.48 77.74,-101.00 77.70,-101.69
77.79,-95.48 77.66,-93.13 77.45,-93.84 77.63,-96.28 77.79,-95.48
77.14,-104.56 77.18,-105.22 77.73,-106.07 77.64,-105.29 77.14,-104.56
77.27,-89.83 77.33,-90.99 77.56,-91.18 77.59,-90.17 77.44,-89.72 77.27,-89.83
76.91,-94.29 76.75,-93.21 76.45,-93.53 76.69,-91.55 76.50,-90.54 76.46,-91.42 76.30,-89.28 76.22,-91.41 75.80,-89.28 75.57,-89.65 75.45,-88.92 75.66,-88.64 75.40,-85.95 75.82,-83.93 75.83,-82.15 75.45,-79.66 75.26,-79.51 75.03,-80.38 74.92,-79.40 74.90,-80.35 74.58,-80.26 74.47,-81.94 74.90,-83.52 74.76,-83.34 74.59,-83.53 74.51,-84.43 74.49,-88.42 74.83,-88.49 74.55,-89.56 74.82,-90.88 74.65,-91.51 75.26,-92.39 75.80,-92.14 76.35,-93.09 76.26,-95.27 76.49,-96.04 76.58,-95.65 76.75,-96.90 77.07,-95.85 76.91,-94.29
76.51,-89.73 76.75,-90.56 76.84,-89.95 76.51,-89.73
76.58,-101.23 76.60,-101.61 76.73,-100.27 76.58,-101.23
76.47,-97.70 76.14,-97.52 75.76,-97.89 75.42,-97.34 75.42,-97.88 75.15,-97.66 75.05,-97.99 75.01,-100.23 75.19,-100.48 75.25,-100.15 75.35,-100.73 75.70,-99.19 75.60,-102.80 75.88,-102.14 75.80,-100.97 76.08,-101.87 76.24,-101.56 76.28,-102.14 76.44,-101.86 75.92,-99.87 75.96,-99.69 76.12,-100.11 76.15,-99.54 76.48,-100.89 76.47,-98.89 76.61,-99.02 76.69,-98.71 76.47,-97.70
76.58,-104.02 76.43,-103.03 76.33,-104.36 76.58,-104.60 76.58,-104.02
76.01,-102.23 75.94,-102.01 75.76,-103.31 75.92,-103.04 76.11,-104.41 76.31,-102.73 76.01,-102.23
75.93,-79.06 75.88,-79.70 76.11,-78.85 75.93,-79.06
75.75,-94.53 75.93,-94.90 75.79,-94.30 75.75,-94.53
75.03,-93.54 74.67,-93.57 74.64,-94.70 75.06,-96.60 75.63,-94.88 75.35,-93.75 75.03,-93.54
75.04,-104.12 75.15,-104.89 75.43,-104.35 75.19,-103.64 75.04,-104.12
74.16,-93.17 73.87,-90.35 72.75,-92.12 72.76,-94.21 72.44,-93.54 72.00,-94.14 72.03,-95.19 73.70,-95.63 73.66,-94.70 73.91,-95.15 74.09,-94.73 74.16,-93.17
73.87,-98.27 73.90,-99.42 74.07,-97.66 73.87,-98.27
73.95,-100.00 73.79,-97.11 73.50,-97.63 73.39,-97.27 72.96,-98.43 72.70,-96.54 72.43,-96.47 72.32,-96.80 71.83,-96.61 71.63,-97.58 71.85,-98.32 71.44,-98.20 71.31,-98.78 72.76,-102.71 73.08,-102.20 72.72,-101.27 72.91,-100.13 73.20,-100.54 73.21,-99.83 73.51,-101.52 73.45,-100.52 73.77,-100.99 73.95,-100.00
71.01,-86.59 71.03,-84.82 71.63,-84.70 71.99,-85.91 72.23,-85.32 72.04,-84.28 72.72,-85.65 72.95,-85.39 72.84,-84.27 73.11,-85.45 73.72,-82.84 73.70,-81.61 72.75,-80.27 72.31,-81.23 72.45,-80.61 71.91,-80.93 72.18,-79.88 72.33,-80.11 72.45,-79.83 72.36,-79.19 71.88,-78.59 72.10,-78.86 72.35,-78.70 72.18,-77.52 72.57,-78.42 72.74,-77.26 72.32,-75.07 71.71,-75.90 72.06,-75.15 72.04,-74.27 71.71,-75.20 71.68,-74.70 71.22,-75.00 71.77,-73.87 71.40,-74.20 71.59,-73.71 71.28,-73.18 71.54,-73.28 71.68,-72.90 71.52,-71.64 71.28,-71.19 70.83,-72.63 71.05,-70.67 70.79,-70.76 70.43,-71.89 70.53,-71.32 70.13,-71.43 70.79,-70.34 70.61,-68.50 70.41,-68.48 70.04,-70.06 70.20,-68.75 69.98,-69.01 69.94,-68.74 70.28,-67.86 69.76,-67.19 69.51,-69.25 69.26,-66.68 69.10,-69.04 69.07,-67.83 68.78,-67.88 68.86,-69.32 68.45,-66.71 68.33,-67.03 68.06,-66.90 68.28,-66.21 67.85,-66.53 68.07,-65.94 67.67,-65.40 68.04,-64.98 67.79,-65.02 67.57,-63.85 67.35,-64.70 67.26,-64.36 67.24,-63.04 66.82,-63.70 67.05,-62.12 66.65,-61.30 66.64,-62.12 66.41,-61.58 66.31,-61.86 66.41,-62.55 66.04,-61.99 66.02,-62.62 65.83,-62.38 65.64,-62.66 65.85,-63.46 65.66,-63.65 65.62,-63.34 65.23,-63.36 64.93,-63.61 65.17,-64.35 65.40,-64.27 65.17,-64.67 65.76,-65.40 66.32,-64.45 66.00,-65.83 66.20,-65.66 66.13,-66.06 66.63,-66.99 66.57,-67.31 66.31,-67.23 66.49,-67.87 66.03,-67.18 65.93,-67.35 66.20,-68.75 66.08,-68.22 65.56,-67.94 65.44,-67.12 65.35,-67.34 64.81,-66.68 65.00,-66.64 64.73,-65.43 64.63,-65.27 64.50,-65.53 64.44,-65.07 64.29,-65.58 63.71,-64.41 63.24,-64.59 63.76,-65.19 62.92,-64.67 62.95,-65.13 62.63,-65.11 63.73,-67.89 63.42,-67.72 63.70,-68.91 62.21,-65.98 61.87,-66.32 63.07,-71.35 63.42,-71.99 63.58,-71.38 63.82,-72.50 64.40,-73.45 64.58,-73.27 64.42,-74.06 64.83,-74.72 64.77,-74.92 64.50,-74.69 64.24,-76.86 64.62,-78.17 65.45,-77.33 65.23,-75.83 64.84,-75.45 65.30,-75.80 65.49,-73.55 66.17,-74.42 67.25,-72.22 68.36,-73.28 68.36,-73.82 68.69,-73.82 68.58,-74.42 68.82,-74.91 69.07,-74.85 68.70,-76.59 69.01,-76.56 69.21,-75.65 69.52,-76.52 69.66,-76.23 69.65,-77.13 69.78,-76.86 69.85,-77.59 70.24,-77.77 70.60,-79.07 70.40,-79.41 70.18,-78.81 69.93,-79.09 70.09,-81.65 69.73,-80.92 70.04,-85.78 70.17,-86.36 70.47,-86.40 70.25,-87.90 70.52,-88.85 71.06,-89.46 71.01,-87.14 71.42,-89.69 71.95,-90.03 72.16,-89.66 72.41,-89.86 73.11,-89.23 73.60,-88.17 73.78,-85.01 72.76,-86.67 71.90,-86.22 71.35,-85.02 71.01,-86.59
73.65,-79.54 73.54,-77.38 72.88,-76.09 72.76,-79.50 73.33,-80.78 73.59,-80.86 73.65,-79.54
72.92,-105.29 73.51,-106.95 73.77,-105.51 73.58,-104.59 72.92,-105.29
72.94,-96.78 73.10,-97.09 73.07,-96.60 72.94,-96.78
70.11,-86.91 70.02,-86.52 70.08,-87.32 70.11,-86.91
69.64,-97.44 68.83,-95.27 68.46,-96.60 69.03,-99.56 69.33,-98.46 69.57,-98.55 69.46,-98.04 69.80,-98.20 69.64,-97.44
69.79,-79.43 69.51,-79.98 69.69,-80.79 69.79,-79.43
69.54,-67.91 69.62,-68.22 69.63,-67.75 69.54,-67.91
69.57,-95.51 69.35,-95.50 69.56,-95.76 69.39,-95.99 69.57,-95.51
69.14,-77.00 69.40,-77.34 69.37,-76.67 69.14,-77.00
68.85,-79.21 68.92,-79.41 69.35,-78.65 69.31,-78.23 68.85,-79.21
68.81,-100.22 68.77,-100.60 68.99,-100.61 68.81,-100.22
68.59,-101.85 68.68,-102.31 68.80,-101.83 68.59,-101.85
68.35,-74.88 68.59,-75.40 68.65,-74.98 68.35,-74.88
68.32,-75.68 68.14,-75.06 67.40,-75.31 67.25,-76.94 67.71,-77.31 68.25,-76.69 68.32,-75.68
49.37,-95.16 52.82,-95.15 56.85,-88.95 56.02,-87.48 55.60,-85.68 55.35,-85.22 55.08,-85.37 55.31,-83.91 55.07,-82.39 54.24,-82.42 53.82,-82.14 53.03,-82.29 52.43,-81.60 52.22,-81.83 51.76,-80.66 51.39,-80.44 51.13,-80.85 51.32,-80.27 50.92,-79.52 47.48,-79.56 47.02,-79.36 46.39,-78.78 45.88,-76.82 45.54,-76.55 45.63,-74.58 45.21,-74.34 44.30,-76.15 43.63,-76.82 43.58,-78.85 43.47,-79.17 42.80,-79.04 41.68,-82.69 42.14,-83.15 42.62,-82.55 43.57,-82.14 45.35,-82.55 45.82,-83.59 46.12,-83.62 46.08,-83.98 46.53,-84.13 46.46,-84.56 46.90,-84.88 48.30,-88.38 48.00,-89.46 48.06,-91.52 48.61,-93.00 48.74,-94.62 49.30,-94.85 49.37,-95.16
50.97,-79.52 51.19,-79.74 51.54,-79.53 50.97,-79.52
46.47,-63.81 46.42,-62.02 45.97,-62.80 46.32,-62.98 46.21,-63.57 46.69,-64.40 47.06,-63.99 46.47,-63.81
48.02,-66.70 48.00,-68.11 47.48,-68.50 47.46,-69.24 46.71,-70.01 45.43,-70.69 45.01,-71.52 45.00,-74.71 45.43,-73.56 46.01,-73.16 46.55,-72.11 47.03,-70.52 48.63,-68.24 49.27,-65.52 48.87,-64.22 48.84,-64.51 48.69,-64.25 48.42,-64.35 48.02,-65.26 48.02,-66.70
60.31,-64.61 60.25,-64.85 60.14,-64.62 60.04,-64.89 59.92,-64.66 59.54,-64.82 59.51,-64.39 59.02,-64.32 58.95,-64.85 58.77,-63.50 58.67,-64.03 58.46,-63.85 58.12,-64.40 57.72,-63.60 56.29,-64.12 56.03,-63.58 55.86,-63.70 55.34,-63.11 55.17,-63.51 54.61,-63.75 54.74,-65.68 55.33,-66.77 54.75,-66.72 55.06,-67.43 54.62,-67.15 54.57,-67.58 54.03,-67.76 53.36,-66.94 52.75,-67.07 53.01,-66.43 52.18,-66.41 52.15,-65.14 51.60,-64.60 52.19,-64.13 52.82,-64.18 53.11,-63.72 52.67,-63.42 52.47,-64.07 52.01,-63.76 52.00,-57.10 51.44,-57.10 51.30,-58.51 50.25,-60.08 50.21,-66.50 49.35,-67.37 49.20,-68.28 48.20,-69.67 48.46,-71.02 48.10,-69.77 47.14,-70.71 45.53,-74.32 45.35,-73.97 45.21,-74.34 45.63,-74.58 45.50,-76.41 45.88,-76.82 46.49,-78.90 47.48,-79.56 51.54,-79.52 51.20,-78.90 51.50,-78.73 51.77,-78.98 52.26,-78.45 53.66,-79.10 54.02,-79.01 54.67,-79.71 55.29,-77.78 56.00,-76.76 56.50,-76.53 57.76,-76.89 58.68,-78.52 59.68,-77.73 59.58,-77.35 60.02,-77.29 60.09,-77.59 60.54,-77.50 60.64,-77.79 60.83,-77.60 60.82,-78.18 61.56,-77.51 61.83,-78.02 62.36,-78.07 62.57,-77.37 62.12,-74.63 62.47,-73.71 61.68,-72.04 61.60,-72.25 61.62,-71.64 61.44,-71.85 61.16,-71.42 60.86,-69.99 61.04,-69.50 60.08,-69.67 60.03,-70.65 59.92,-69.73 59.34,-69.68 59.30,-69.34 58.87,-69.53 58.76,-70.15 58.78,-68.41 58.16,-68.36 57.90,-69.04 58.05,-68.41 58.49,-68.02 58.14,-68.06 58.40,-67.76 57.99,-67.68 58.79,-66.36 58.43,-66.00 58.82,-66.04 59.06,-65.38 59.21,-65.70 59.47,-65.48 59.39,-65.04 59.78,-65.43 59.75,-65.05 60.25,-64.93 60.31,-64.61
49.09,-61.80 49.22,-63.04 49.89,-64.49 49.71,-62.86 49.09,-61.80
45.47,-73.57 45.44,-73.96 45.70,-73.48 45.47,-73.57
48.99,-110.00 60.00,-110.00 60.00,-102.00 55.82,-102.00 48.99,-101.37 48.99,-110.00
60.00,-123.82 60.00,-139.06 60.34,-139.08 60.30,-141.00 69.65,-141.00 68.90,-136.44 67.02,-136.17 67.00,-134.06 66.57,-133.64 65.97,-133.62 65.98,-132.34 65.86,-132.55 65.60,-132.19 65.20,-132.77 65.06,-132.35 64.79,-132.59 64.39,-131.80 64.40,-131.11 63.79,-130.12 63.70,-130.30 63.49,-129.84 63.29,-130.14 63.06,-129.61 62.83,-129.72 62.49,-129.19 62.15,-129.25 62.12,-128.56 61.46,-127.17 60.76,-126.83 60.95,-124.58 60.66,-124.60 60.00,-123.82
60.00,-139.06 59.23,-137.59 58.90,-137.44 59.15,-136.58 59.60,-136.32 59.70,-135.26 58.41,-133.40 56.59,-131.82 56.11,-130.10 55.30,-130.04 54.81,-130.85 56.09,-131.03 55.60,-132.16 56.21,-131.55 57.06,-132.82 57.17,-133.47 57.64,-133.65 57.57,-133.12 57.83,-133.54 57.88,-133.19 58.07,-134.03 58.52,-133.88 58.23,-134.21 58.45,-134.78 59.42,-135.36 59.20,-135.50 58.25,-135.09 58.40,-135.90 58.79,-136.05 58.90,-135.83 59.05,-136.15 58.77,-136.19 59.03,-136.99 58.45,-136.06 58.24,-136.61 59.55,-139.80 59.95,-139.51 59.61,-139.29 59.84,-138.99 60.01,-139.43 59.71,-140.42 59.90,-141.41 60.12,-141.41 60.02,-144.15 60.34,-144.90 60.67,-144.69 60.38,-145.25 60.47,-145.85 60.65,-145.67 60.73,-146.57 60.81,-146.39 61.05,-146.60 61.11,-146.28 60.89,-147.89 61.22,-147.77 60.83,-148.56 60.68,-148.26 60.49,-148.64 60.48,-147.96 59.97,-148.47 60.11,-149.40 59.77,-149.60 59.24,-150.96 59.27,-151.95 59.77,-151.05 59.78,-151.85 60.72,-151.36 61.02,-150.44 60.88,-149.08 61.17,-150.05 61.50,-149.43 61.20,-150.95 60.34,-152.37 60.30,-153.03 60.04,-152.63 59.16,-154.18 58.96,-153.42 58.75,-153.44 58.16,-154.25 57.36,-156.44 57.01,-156.63 56.44,-158.41 56.31,-158.55 56.20,-158.28 56.06,-158.50 55.39,-161.18 55.62,-161.52 55.14,-162.07 55.25,-162.63 55.00,-162.67 54.84,-163.34 55.12,-163.28 55.91,-161.70 55.81,-160.29 56.01,-160.54 56.31,-160.30 56.79,-158.68 57.30,-158.32 57.51,-157.46 57.68,-157.70 58.05,-157.61 58.19,-157.19 58.42,-157.52 59.13,-156.81 58.61,-158.19 58.94,-158.48 58.98,-158.08 58.97,-158.81 58.40,-158.95 59.05,-160.36 58.64,-162.14 59.11,-161.64 59.15,-161.98 59.59,-161.83 60.28,-162.42 60.70,-161.96 60.27,-162.68 59.99,-162.57 59.81,-163.91 60.54,-165.35 60.89,-164.81 60.59,-163.73 60.76,-163.42 60.85,-163.91 60.90,-163.59 60.93,-165.11 61.11,-164.87 61.10,-165.57 61.65,-166.17 61.68,-165.83 61.80,-166.08 61.87,-165.61 62.10,-165.71 62.47,-165.19 62.48,-164.78 62.71,-164.59 62.62,-164.79 62.92,-164.80 63.22,-164.41 63.05,-163.29 63.53,-162.28 63.66,-160.93 64.25,-160.99 64.43,-161.49 64.80,-160.89 64.82,-161.76 64.37,-162.81 64.65,-163.20 64.42,-163.14 64.58,-166.14 65.16,-166.93 65.29,-166.16 65.66,-168.09 66.59,-164.46 66.57,-163.64 66.22,-164.03 66.08,-163.70 66.19,-161.03 66.89,-162.61 66.95,-162.36 66.46,-161.59 66.42,-160.23 66.70,-161.86 67.02,-161.72 67.10,-163.53 67.61,-164.13 68.36,-166.79 68.43,-166.38 68.89,-166.21 69.17,-163.54 70.33,-161.88 70.16,-162.07 70.59,-160.05 70.28,-159.87 70.52,-159.39 70.63,-160.08 70.79,-159.68 70.86,-157.91 71.41,-156.47 71.12,-155.58 70.93,-156.15 70.84,-155.97 71.10,-155.17 70.80,-154.20 70.85,-152.30 70.65,-152.47 70.56,-151.77 70.45,-151.94 70.03,-142.71 69.65,-141.00 60.30,-141.00 60.34,-139.08 60.00,-139.06
63.64,-171.46 63.70,-170.43 63.31,-168.72 62.96,-169.68 63.38,-170.53 63.42,-171.79 63.70,-171.75 63.64,-171.46
60.46,-172.74 60.30,-172.23 60.49,-173.07 60.46,-172.74
60.45,-146.39 60.41,-146.10 60.40,-146.70 60.45,-146.39
60.38,-166.14 60.31,-165.73 59.91,-165.59 59.76,-166.15 60.21,-167.44 60.38,-166.14
58.58,-160.92 58.67,-161.13 58.80,-160.72 58.58,-160.92
58.36,-152.42 58.24,-151.98 58.09,-153.38 58.36,-152.42
58.16,-134.68 58.14,-134.24 57.63,-133.82 58.03,-134.31 57.35,-133.91 57.04,-134.52 58.35,-134.92 58.16,-134.68
58.24,-135.73 57.99,-135.61 58.02,-134.95 57.77,-135.34 57.48,-134.93 57.67,-135.56 57.45,-135.91 57.97,-136.57 58.24,-135.73
57.82,-152.90 57.58,-152.22 57.50,-152.94 57.35,-152.68 56.77,-153.97 57.00,-153.80 57.13,-154.32 56.92,-154.34 57.34,-154.71 57.65,-154.12 57.31,-153.69 57.88,-153.81 57.82,-152.90
57.35,-134.97 56.76,-134.63 56.22,-134.68 57.25,-135.45 57.01,-135.81 57.52,-135.49 57.35,-134.97
57.00,-133.37 56.88,-132.95 56.62,-133.00 56.83,-133.33 56.46,-133.21 56.48,-133.63 57.01,-133.98 57.00,-133.37
56.84,-133.99 56.65,-133.74 56.08,-134.19 56.46,-134.08 56.84,-134.37 56.84,-133.99
56.53,-132.75 56.79,-132.84 56.58,-132.57 56.53,-132.75
56.11,-132.11 55.94,-132.37 56.20,-132.70 56.50,-132.38 56.11,-132.11
56.25,-132.78 56.36,-133.04 56.44,-132.64 56.25,-132.78
56.34,-133.57 55.48,-132.17 55.47,-132.63 55.21,-131.98 54.73,-132.02 55.33,-133.12 55.59,-133.03 55.79,-133.68 55.92,-133.24 55.96,-133.74 56.34,-133.57
55.49,-130.98 55.21,-131.19 55.41,-131.45 55.22,-131.81 55.83,-131.62 55.96,-131.27 55.49,-130.98
55.54,-133.31 55.27,-133.65 55.50,-133.74 55.54,-133.31
54.89,-132.86 54.89,-132.62 54.68,-132.71 55.30,-133.43 54.89,-132.86
55.08,-131.34 54.90,-131.23 55.25,-131.58 55.08,-131.34
54.98,-163.48 54.67,-163.08 54.54,-164.90 54.91,-164.48 54.98,-163.48
53.90,-166.62 53.93,-166.23 53.48,-166.77 53.32,-167.81 53.71,-166.74 53.94,-167.04 53.90,-166.62
53.35,-167.96 52.83,-169.09 53.50,-168.29 53.51,-167.83 53.35,-167.96
52.04,-174.68 52.02,-175.30 52.33,-174.02 52.04,-174.68
52.14,-173.55 52.08,-173.02 52.10,-173.99 52.14,-173.55
51.87,-176.59 51.75,-176.44 51.60,-176.96 51.87,-176.59
51.72,-177.15 51.70,-177.67 51.93,-177.11 51.72,-177.15
51.65,-177.88 51.88,-178.19 51.83,-177.64 51.65,-177.88
30.38,-87.49 30.23,-88.01 30.29,-87.79 30.69,-88.01 30.37,-88.40 35.02,-88.20 35.00,-85.62 32.29,-84.92 31.00,-85.01 31.00,-87.59 30.38,-87.49
36.00,-89.70 33.97,-91.07 33.02,-91.15 33.01,-94.04 33.55,-94.05 33.65,-94.48 36.50,-94.62 36.50,-90.16 35.99,-90.38 36.00,-89.70
31.33,-109.05 31.32,-111.04 32.51,-114.84 32.84,-114.48 33.42,-114.70 34.29,-114.13 34.91,-114.61 36.01,-114.74 36.18,-114.04 37.00,-114.04 37.00,-109.05 31.33,-109.05
34.99,-114.61 34.32,-114.13 33.42,-114.70 32.77,-114.52 32.53,-117.13 33.30,-117.47 34.02,-118.51 34.58,-120.64 35.08,-120.63 36.33,-121.88 36.85,-121.81 37.54,-122.50 37.80,-122.45 37.48,-122.07 38.01,-122.31 38.06,-121.53 38.14,-122.39 37.83,-122.52 37.99,-123.00 38.20,-122.91 38.91,-123.70 39.78,-123.83 40.37,-124.36 41.38,-124.07 42.00,-124.23 42.00,-120.00 39.00,-120.00 34.99,-114.61
37.00,-109.05 41.00,-109.05 41.00,-102.03 37.00,-102.01 37.00,-109.05
42.01,-71.80 41.34,-71.84 41.10,-73.72 41.22,-73.48 42.06,-73.48 42.01,-71.80
38.46,-75.04 38.46,-75.71 39.83,-75.68 39.82,-75.42 39.48,-75.57 38.46,-75.04
30.38,-87.49 31.00,-87.59 31.00,-85.01 30.72,-84.88 30.57,-82.24 30.37,-82.11 30.81,-81.96 30.73,-81.50 26.81,-80.05 25.33,-80.37 25.14,-81.11 25.26,-80.94 25.98,-81.72 26.69,-81.83 26.55,-82.04 26.96,-82.01 26.87,-82.29 27.50,-82.71 27.86,-82.41 27.85,-82.84 28.89,-82.65 29.93,-83.69 30.06,-84.31 29.68,-85.32 30.29,-85.60 30.50,-86.45 30.34,-87.20 30.57,-87.00 30.38,-87.49
25.14,-80.38 24.95,-80.58 25.35,-80.26 25.14,-80.38
31.00,-85.01 32.29,-84.92 35.00,-85.62 35.00,-83.11 34.71,-83.36 34.44,-82.85 32.03,-80.87 30.73,-81.50 30.81,-81.96 30.37,-82.11 30.57,-82.24 30.72,-84.88 31.00,-85.01
21.93,-159.37 22.04,-159.79 22.22,-159.35 21.93,-159.37
21.46,-157.80 21.31,-157.64 21.32,-158.11 21.59,-158.27 21.70,-157.96 21.46,-157.80
20.93,-156.49 20.76,-155.99 20.62,-156.44 20.95,-156.70 20.93,-156.49
19.01,-155.58 19.07,-155.88 19.75,-156.05 20.28,-155.83 19.52,-154.80 19.01,-155.58
40.38,-91.44 40.62,-91.73 40.60,-95.77 42.76,-96.63 43.50,-96.60 43.50,-91.25 42.79,-91.07 41.98,-90.15 41.56,-90.44 41.37,-91.05 41.02,-90.95 40.38,-91.44
48.99,-117.04 48.99,-116.05 48.00,-116.05 47.45,-115.71 46.64,-114.33 45.58,-114.53 45.61,-113.81 44.40,-112.85 44.75,-111.37 44.50,-111.05 42.00,-111.05 42.00,-117.02 44.20,-116.91 44.44,-117.20 45.64,-116.48 46.40,-117.04 48.99,-117.04
40.38,-91.44 41.02,-90.95 41.37,-91.05 41.88,-90.18 42.51,-90.65 42.49,-87.04 41.76,-87.22 41.76,-87.52 38.74,-87.53 37.09,-88.47 37.10,-89.41 37.64,-89.52 38.25,-90.37 38.85,-90.13 38.91,-90.58 39.75,-91.38 40.38,-91.44
37.79,-88.04 38.81,-87.52 41.76,-87.52 41.76,-84.80 38.82,-84.80 38.73,-85.41 37.98,-86.02 38.18,-86.36 37.87,-86.60 37.79,-88.04
37.00,-102.01 40.00,-102.02 40.00,-95.35 39.86,-94.93 39.51,-95.06 39.12,-94.62 37.00,-94.62 37.00,-102.01
36.99,-89.15 37.09,-88.47 37.92,-87.87 37.87,-86.60 38.18,-86.36 37.98,-86.02 39.13,-84.71 38.65,-83.69 38.71,-82.88 37.54,-81.97 36.59,-83.71 36.50,-89.45 36.99,-89.15
33.01,-94.04 33.02,-91.15 32.24,-90.95 31.00,-91.66 31.00,-89.74 30.19,-89.52 30.38,-90.23 30.14,-90.41 30.05,-89.40 29.62,-89.72 29.14,-89.02 28.98,-89.38 29.54,-90.16 29.10,-90.21 29.19,-91.00 29.84,-91.89 29.56,-92.26 29.76,-93.87 31.05,-93.53 32.00,-94.04 33.01,-94.04
42.01,-71.80 42.08,-73.51 42.75,-73.25 42.88,-70.81 42.62,-70.61 42.33,-71.05 41.76,-70.43 41.83,-70.00 42.08,-70.11 41.71,-69.93 41.49,-71.17 42.02,-71.39 42.01,-71.80
38.89,-77.03 39.68,-78.10 39.21,-79.49 39.72,-79.48 39.72,-75.78 38.46,-75.71 38.38,-75.05 37.95,-75.66 38.36,-75.86 38.36,-76.21 38.60,-76.26 38.60,-76.00 38.95,-76.33 39.59,-75.96 39.27,-76.57 38.37,-76.39 38.54,-76.67 38.09,-76.34 38.41,-77.23 38.89,-77.03
47.29,-69.05 47.35,-68.24 47.08,-67.81 45.73,-67.80 45.60,-67.43 45.28,-67.47 44.83,-66.99 44.38,-68.06 44.51,-68.45 44.26,-68.53 44.57,-68.76 44.04,-69.14 43.77,-70.18 43.07,-70.73 45.29,-71.08 45.74,-70.42 46.71,-70.01 47.46,-69.24 47.29,-69.05
48.00,-89.50 48.23,-88.16 46.90,-84.88 46.46,-84.56 46.53,-84.13 46.08,-83.98 46.12,-83.62 45.82,-83.59 45.35,-82.55 43.57,-82.14 41.95,-83.12 41.74,-83.46 41.76,-87.22 44.09,-87.03 45.23,-86.26 45.45,-87.12 45.12,-87.65 45.95,-88.15 46.55,-90.39 48.00,-89.50
48.99,-97.23 48.99,-95.16 49.37,-95.16 49.35,-94.94 48.74,-94.62 48.61,-93.00 48.06,-91.52 48.00,-89.50 47.29,-89.96 47.31,-90.65 46.66,-92.29 46.08,-92.29 45.66,-92.90 45.43,-92.68 44.73,-92.77 43.99,-91.38 43.50,-91.25 43.50,-96.45 45.30,-96.45 45.60,-96.85 46.14,-96.56 48.99,-97.23
36.00,-89.70 35.99,-90.38 36.50,-90.16 36.50,-94.62 39.12,-94.62 39.51,-95.06 39.86,-94.93 40.60,-95.77 40.62,-91.73 39.75,-91.38 38.91,-90.58 38.85,-90.13 38.25,-90.37 37.75,-89.62 36.99,-89.15 36.00,-89.70
35.00,-88.17 30.37,-88.40 30.19,-89.52 31.00,-89.74 31.00,-91.66 32.28,-90.94 33.68,-91.21 34.73,-90.54 35.00,-90.29 35.00,-88.17
48.99,-114.06 48.99,-104.03 45.01,-104.00 45.00,-111.05 44.50,-111.05 44.75,-111.37 44.42,-112.91 45.61,-113.81 45.59,-114.54 46.66,-114.34 47.44,-115.70 48.00,-116.05 48.99,-116.05 48.99,-114.06
35.00,-83.11 34.99,-84.32 35.54,-83.81 36.12,-82.05 36.61,-81.66 36.55,-75.97 36.11,-75.82 36.28,-76.15 36.02,-76.56 36.23,-76.73 35.96,-76.73 35.77,-75.74 35.35,-76.17 35.53,-77.04 35.27,-76.51 35.03,-76.97 34.94,-76.36 34.73,-77.41 33.91,-78.01 33.88,-78.56 34.80,-79.65 34.83,-80.78 35.16,-81.09 35.00,-83.11
48.99,-101.37 48.99,-97.23 45.94,-96.56 45.94,-104.01 48.99,-104.03 48.99,-101.37
40.00,-102.02 41.00,-102.03 41.00,-104.02 43.00,-104.03 42.86,-97.24 42.42,-96.38 40.00,-95.35 40.00,-102.02
45.01,-71.52 45.29,-71.08 42.94,-70.78 42.73,-72.47 43.59,-72.36 45.01,-71.52
39.98,-75.07 40.15,-74.73 40.60,-75.19 41.33,-74.78 40.99,-73.91 40.53,-74.26 40.40,-73.97 39.79,-74.08 39.99,-74.06 38.94,-74.92 39.49,-75.52 39.98,-75.07
31.33,-109.05 37.00,-109.05 37.00,-103.00 32.00,-103.07 32.00,-106.67 31.77,-106.45 31.78,-108.21 31.33,-108.21 31.33,-109.05
37.00,-114.04 36.18,-114.04 36.01,-114.74 34.99,-114.61 39.00,-120.00 42.00,-120.00 42.00,-114.04 37.00,-114.04
42.54,-79.76 42.86,-78.94 43.47,-79.17 43.63,-76.82 44.90,-75.18 45.01,-73.35 42.75,-73.25 41.22,-73.48 40.75,-73.99 41.22,-73.93 40.99,-73.91 41.47,-74.94 42.00,-75.35 42.00,-79.76 42.54,-79.76
40.99,-72.51 41.06,-71.90 40.64,-74.03 41.15,-72.27 40.99,-72.51
41.95,-83.12 41.67,-82.44 42.32,-80.52 40.65,-80.52 39.66,-80.87 38.96,-82.07 38.43,-82.39 39.09,-84.82 41.70,-84.80 41.95,-83.12
36.50,-94.62 33.65,-94.48 33.96,-95.22 33.71,-96.32 33.95,-96.93 33.73,-97.12 34.59,-100.00 36.50,-100.00 36.50,-103.00 37.00,-103.00 37.00,-94.62 36.50,-94.62
42.00,-120.00 42.12,-124.36 42.81,-124.54 43.69,-124.15 46.22,-123.99 46.16,-123.04 45.67,-122.73 45.59,-122.20 46.00,-119.02 46.00,-116.90 45.72,-116.52 44.44,-117.20 44.20,-116.91 42.00,-117.02 42.00,-120.00
42.32,-80.52 42.54,-79.76 42.00,-79.76 42.00,-75.35 41.36,-74.70 40.74,-75.19 40.15,-74.73 39.72,-75.78 39.72,-80.52 42.32,-80.52
41.34,-71.84 42.01,-71.80 42.02,-71.39 41.71,-71.23 41.34,-71.84
32.03,-80.87 34.44,-82.85 34.71,-83.36 35.00,-83.12 35.16,-81.09 34.83,-80.78 34.80,-79.65 33.88,-78.56 32.67,-79.94 32.51,-80.63 32.29,-80.58 32.45,-80.80 32.03,-80.87
43.50,-96.45 42.51,-96.48 43.00,-98.44 43.00,-104.03 45.94,-104.01 45.94,-96.56 45.60,-96.85 45.30,-96.45 43.50,-96.45
35.00,-85.62 35.00,-90.29 36.50,-89.56 36.61,-81.66 36.12,-82.05 35.54,-83.81 34.99,-84.32 35.00,-85.62
33.65,-94.48 33.55,-94.05 32.00,-94.04 31.05,-93.53 30.11,-93.71 29.69,-93.89 29.38,-94.76 29.55,-94.53 29.70,-95.02 29.37,-94.89 28.64,-95.85 28.49,-96.23 28.63,-96.01 28.71,-96.64 28.46,-96.42 28.14,-97.16 27.33,-97.44 27.46,-97.77 26.07,-97.15 25.87,-97.36 26.45,-99.11 27.55,-99.51 29.78,-101.44 29.75,-102.61 29.00,-103.26 29.57,-104.40 30.65,-104.98 32.00,-106.67 32.00,-103.07 36.50,-103.04 36.50,-100.00 34.59,-100.00 34.42,-99.69 33.73,-97.12 33.95,-96.93 33.71,-96.32 33.96,-95.22 33.65,-94.48
37.00,-109.05 37.00,-114.04 42.00,-114.04 42.00,-111.05 41.00,-111.05 41.00,-109.05 37.00,-109.05
38.94,-77.12 38.40,-77.31 37.89,-76.26 37.68,-76.49 38.17,-77.11 37.57,-76.31 37.27,-76.45 37.48,-76.76 37.05,-76.28 37.33,-77.25 36.91,-76.00 36.55,-75.86 36.61,-83.67 37.54,-81.97 37.21,-81.59 37.47,-80.37 38.57,-79.64 38.48,-79.24 39.45,-78.32 38.94,-77.12
37.95,-75.66 38.02,-75.38 37.15,-75.93 37.95,-75.66
45.01,-73.35 45.01,-71.52 43.59,-72.36 42.73,-72.47 42.81,-73.28 45.01,-73.35
48.99,-122.79 48.99,-117.04 46.00,-116.90 45.59,-122.20 45.67,-122.73 46.16,-123.04 46.28,-124.07 46.66,-123.89 46.86,-124.11 46.96,-123.84 46.95,-124.14 48.38,-124.71 48.14,-122.78 47.88,-122.66 47.36,-123.14 47.92,-122.53 47.29,-122.58 47.14,-123.03 47.11,-122.70 47.37,-122.35 48.01,-122.24 48.99,-122.79
48.16,-122.57 47.92,-122.38 48.38,-122.63 48.16,-122.57
42.51,-90.65 42.88,-91.12 43.94,-91.32 44.79,-92.80 45.43,-92.68 45.66,-92.90 46.08,-92.29 46.76,-92.13 47.31,-90.65 47.29,-89.96 46.59,-90.41 46.34,-90.12 45.95,-88.15 45.12,-87.65 45.45,-87.12 45.23,-86.26 44.09,-87.03 42.49,-87.04 42.51,-90.65
37.54,-81.97 38.10,-82.59 38.45,-82.61 39.66,-80.87 40.60,-80.64 39.72,-80.52 39.72,-79.48 39.21,-79.49 39.63,-78.78 39.49,-77.78 39.15,-77.84 39.45,-78.32 38.48,-79.24 38.57,-79.64 37.47,-80.37 37.21,-81.59 37.54,-81.97
41.00,-104.02 41.00,-111.05 45.00,-111.05 45.00,-104.04 41.00,-104.02
